{
 "cells": [
  {
   "cell_type": "markdown",
   "id": "fifteen-sailing",
   "metadata": {},
   "source": [
    "# Лабораторная работа №1\n",
    "## Выполнил студент группы БВТ2005 Макбари Даниш Александрович"
   ]
  },
  {
   "cell_type": "markdown",
   "id": "particular-syndicate",
   "metadata": {},
   "source": [
    "### Оглавление\n",
    "1. [Задание 1](#Задание-№1)\n",
    "2. [Задание 2](#Задание-№2)\n",
    "3. [Задание 3](#Задание-№3)\n",
    "4. [Вывод](#Вывод)"
   ]
  },
  {
   "cell_type": "markdown",
   "id": "arctic-stocks",
   "metadata": {},
   "source": [
    "### Задание №1\n",
    "<i> Вызвать функцию print() и передать туда строку Hello, World! </i>"
   ]
  },
  {
   "cell_type": "code",
   "execution_count": 1,
   "id": "caring-truck",
   "metadata": {
    "scrolled": true
   },
   "outputs": [
    {
     "name": "stdout",
     "output_type": "stream",
     "text": [
      "Hello, World!\n"
     ]
    }
   ],
   "source": [
    "print(\"Hello, World!\")"
   ]
  },
  {
   "cell_type": "markdown",
   "id": "maritime-conversation",
   "metadata": {},
   "source": [
    "### Задание №2\n",
    "Написать генератор случайных матриц(многомерных), который принимает\n",
    "опциональные параметры <b>m</b>, <b>n</b>, <b>min_limit</b>, <b>max_limit</b>, где <b>m</b> и <b>n</b> указывают размер\n",
    "матрицы, а <b>min_lim</b> и <b>max_lim</b> - минимальное и максимальное значение для\n",
    "генерируемого числа."
   ]
  },
  {
   "cell_type": "code",
   "execution_count": 1,
   "id": "built-contact",
   "metadata": {},
   "outputs": [],
   "source": [
    "import random\n",
    "import time"
   ]
  },
  {
   "cell_type": "code",
   "execution_count": 2,
   "id": "alert-charm",
   "metadata": {},
   "outputs": [
    {
     "name": "stdout",
     "output_type": "stream",
     "text": [
      "10\n",
      "10\n",
      "10\n",
      "99\n",
      "\n",
      "21 70 76 74 34 80 91 67 31 33 \n",
      "70 79 97 93 69 84 41 28 33 58 \n",
      "30 40 69 16 74 40 69 22 54 54 \n",
      "77 99 81 14 22 24 39 45 97 76 \n",
      "37 75 32 38 97 67 25 73 64 58 \n",
      "77 19 11 72 80 83 93 78 67 82 \n",
      "86 92 39 80 48 53 22 48 60 17 \n",
      "78 52 48 84 26 83 97 90 10 48 \n",
      "73 87 82 42 88 34 93 33 86 28 \n",
      "54 65 88 64 49 39 52 75 35 80 \n"
     ]
    }
   ],
   "source": [
    "user_m = input()\n",
    "user_n = input()\n",
    "user_min_limit = input()\n",
    "user_max_limit = input()\n",
    "user_m, user_n, user_min_limit, user_max_limit\n",
    "\n",
    "def print_matrix(mat):\n",
    "    print()\n",
    "    for i in range(user_m):\n",
    "        for j in range(user_n):\n",
    "            print(mat[i][j], end = ' ')\n",
    "        print()\n",
    "\n",
    "matrix = []\n",
    "user_m = int(user_m)\n",
    "user_n = int(user_n)\n",
    "user_min_limit = int(user_min_limit)\n",
    "user_max_limit = int(user_max_limit)\n",
    "for i in range(user_m):\n",
    "    matrix.append([0] * user_n)\n",
    "for i in range(user_m):\n",
    "    for j in range(user_n):\n",
    "        matrix[i][j] = random.randint(user_min_limit, user_max_limit)\n",
    "\n",
    "print_matrix(matrix)\n"
   ]
  },
  {
   "cell_type": "markdown",
   "id": "catholic-roots",
   "metadata": {},
   "source": [
    "### Задание №3\n",
    "Реализовать методы сортировки строк числовой матрицы в соответствии с\n",
    "заданием. Оценить время работы каждого алгоритма сортировки и сравнить его со\n",
    "временем стандартной функции сортировки. Испытания проводить на сгенерированных\n",
    "матрицах."
   ]
  },
  {
   "cell_type": "code",
   "execution_count": 3,
   "id": "opposed-creature",
   "metadata": {},
   "outputs": [],
   "source": [
    "import copy"
   ]
  },
  {
   "cell_type": "code",
   "execution_count": 4,
   "id": "cleared-anniversary",
   "metadata": {},
   "outputs": [
    {
     "name": "stdout",
     "output_type": "stream",
     "text": [
      "--- 0 ms ---\n",
      "\n",
      "21 31 33 34 67 70 74 76 80 91 \n",
      "28 33 41 58 69 70 79 84 93 97 \n",
      "16 22 30 40 40 54 54 69 69 74 \n",
      "14 22 24 39 45 76 77 81 97 99 \n",
      "25 32 37 38 58 64 67 73 75 97 \n",
      "11 19 67 72 77 78 80 82 83 93 \n",
      "17 22 39 48 48 53 60 80 86 92 \n",
      "10 26 48 48 52 78 83 84 90 97 \n",
      "28 33 34 42 73 82 86 87 88 93 \n",
      "35 39 49 52 54 64 65 75 80 88 \n"
     ]
    }
   ],
   "source": [
    "# Сортировка выбором.\n",
    "# Берётся срез массива, в котором минимальный элемент переносят в самый левый угол,\n",
    "# после чего срез уменьшается и цикл повторяется.\n",
    "\n",
    "mat = copy.deepcopy(matrix)\n",
    "\n",
    "start_time = time.time()\n",
    "\n",
    "def selection_sort(arr):\n",
    "    for i in range(len(arr)):\n",
    "        index = i\n",
    "        for j in range(i + 1, len(arr)):\n",
    "            if arr[index] > arr[j]:\n",
    "                index = j\n",
    "        temp = arr[index]\n",
    "        arr[index] = arr[i]\n",
    "        arr[i] = temp\n",
    "            \n",
    "\n",
    "for i in range(len(mat)):\n",
    "    selection_sort(mat[i])\n",
    "\n",
    "selection_sort_time = round((time.time() - start_time)*1000)\n",
    "print(\"--- {0} ms ---\".format(selection_sort_time))\n",
    "\n",
    "print_matrix(mat)"
   ]
  },
  {
   "cell_type": "code",
   "execution_count": 5,
   "id": "roman-silly",
   "metadata": {
    "scrolled": true
   },
   "outputs": [
    {
     "name": "stdout",
     "output_type": "stream",
     "text": [
      "--- 1 ms ---\n",
      "\n",
      "21 31 33 34 67 70 74 76 80 91 \n",
      "28 33 41 58 69 70 79 84 93 97 \n",
      "16 22 30 40 40 54 54 69 69 74 \n",
      "14 22 24 39 45 76 77 81 97 99 \n",
      "25 32 37 38 58 64 67 73 75 97 \n",
      "11 19 67 72 77 78 80 82 83 93 \n",
      "17 22 39 48 48 53 60 80 86 92 \n",
      "10 26 48 48 52 78 83 84 90 97 \n",
      "28 33 34 42 73 82 86 87 88 93 \n",
      "35 39 49 52 54 64 65 75 80 88 \n"
     ]
    }
   ],
   "source": [
    "# Сортировка вставкой.\n",
    "\n",
    "mat = copy.deepcopy(matrix)\n",
    "\n",
    "start_time = time.time()\n",
    "\n",
    "def insertion_sort(arr):\n",
    "    for i in range(1, len(arr)):\n",
    "        key = arr[i]\n",
    "        j = i - 1\n",
    "        while j >= 0 and arr[j] > key:\n",
    "            arr[j + 1] = arr[j]\n",
    "            j -= 1\n",
    "        arr[j + 1] = key\n",
    "        \n",
    "for i in range(len(mat)):\n",
    "    insertion_sort(mat[i])\n",
    "\n",
    "insertion_sort_time = round((time.time() - start_time)*1000)\n",
    "print(\"--- {0} ms ---\".format(insertion_sort_time))\n",
    "\n",
    "print_matrix(mat)"
   ]
  },
  {
   "cell_type": "code",
   "execution_count": 6,
   "id": "vital-implementation",
   "metadata": {},
   "outputs": [
    {
     "name": "stdout",
     "output_type": "stream",
     "text": [
      "--- 1 ms ---\n",
      "\n",
      "91 80 76 74 70 67 34 33 31 21 \n",
      "97 93 84 79 70 69 58 41 33 28 \n",
      "74 69 69 54 54 40 40 30 22 16 \n",
      "99 97 81 77 76 45 39 24 22 14 \n",
      "97 75 73 67 64 58 38 37 32 25 \n",
      "93 83 82 80 78 77 72 67 19 11 \n",
      "92 86 80 60 53 48 48 39 22 17 \n",
      "97 90 84 83 78 52 48 48 26 10 \n",
      "93 88 87 86 82 73 42 34 33 28 \n",
      "88 80 75 65 64 54 52 49 39 35 \n"
     ]
    }
   ],
   "source": [
    "# Сортировка обменом. || Сортировка пузырьком.\n",
    "\n",
    "mat = copy.deepcopy(matrix)\n",
    "\n",
    "start_time = time.time()\n",
    "\n",
    "def bubble_sort(arr):\n",
    "    for i in range(len(arr)):\n",
    "        swap_cnt = 0\n",
    "        for j in range(1, len(arr) - i):\n",
    "            if arr[j] > arr[j - 1]:\n",
    "                temp = arr[j]\n",
    "                arr[j] = arr[j - 1]\n",
    "                arr[j - 1] = temp\n",
    "                swap_cnt += 1\n",
    "        if swap_cnt == 0:\n",
    "            break\n",
    "            \n",
    "        \n",
    "for i in range(len(mat)):\n",
    "    bubble_sort(mat[i])\n",
    "\n",
    "bubble_sort_time = round((time.time() - start_time)*1000)\n",
    "print(\"--- {0} ms ---\".format(bubble_sort_time))\n",
    "\n",
    "\n",
    "print_matrix(mat)"
   ]
  },
  {
   "cell_type": "code",
   "execution_count": 7,
   "id": "veterinary-glory",
   "metadata": {},
   "outputs": [
    {
     "name": "stdout",
     "output_type": "stream",
     "text": [
      "--- 1 ms ---\n",
      "\n",
      "21 31 33 34 67 70 74 76 80 91 \n",
      "28 33 41 58 69 70 79 84 93 97 \n",
      "16 22 30 40 40 54 54 69 69 74 \n",
      "14 22 24 39 45 76 77 81 97 99 \n",
      "25 32 37 38 58 64 67 73 75 97 \n",
      "11 19 67 72 77 78 80 82 83 93 \n",
      "17 22 39 48 48 53 60 80 86 92 \n",
      "10 26 48 48 52 78 83 84 90 97 \n",
      "28 33 34 42 73 82 86 87 88 93 \n",
      "35 39 49 52 54 64 65 75 80 88 \n"
     ]
    }
   ],
   "source": [
    "# Сортировка Шелла.\n",
    "\n",
    "mat = copy.deepcopy(matrix)\n",
    "\n",
    "start_time = time.time()\n",
    "\n",
    "def shell_sort(arr):\n",
    "    offset = int(len(arr) / 2)\n",
    "    while offset > 0:\n",
    "        for i in range(offset, len(arr), offset):\n",
    "            key = arr[i]\n",
    "            j = i - offset\n",
    "            while j >= 0 and key < arr[j]:\n",
    "                arr[j + offset] = arr[j]\n",
    "                j -= offset\n",
    "            arr[j + offset] = key\n",
    "        offset = int(offset / 2)\n",
    "        \n",
    "for i in range(len(mat)):\n",
    "    shell_sort(mat[i])\n",
    "        \n",
    "\n",
    "shell_sort_time = round((time.time() - start_time)*1000)\n",
    "print(\"--- {0} ms ---\".format(shell_sort_time))\n",
    "\n",
    "print_matrix(mat)"
   ]
  },
  {
   "cell_type": "code",
   "execution_count": 8,
   "id": "correct-chaos",
   "metadata": {},
   "outputs": [
    {
     "name": "stdout",
     "output_type": "stream",
     "text": [
      "--- 0 ms ---\n",
      "\n",
      "21 31 33 34 67 70 74 76 80 91 \n",
      "28 33 41 58 69 70 79 84 93 97 \n",
      "16 22 30 40 40 54 54 69 69 74 \n",
      "14 22 24 39 45 76 77 81 97 99 \n",
      "25 32 37 38 58 64 67 73 75 97 \n",
      "11 19 67 72 77 78 80 82 83 93 \n",
      "17 22 39 48 48 53 60 80 86 92 \n",
      "10 26 48 48 52 78 83 84 90 97 \n",
      "28 33 34 42 73 82 86 87 88 93 \n",
      "35 39 49 52 54 64 65 75 80 88 \n"
     ]
    }
   ],
   "source": [
    "# Быстрая сортировка.\n",
    "\n",
    "mat = copy.deepcopy(matrix)\n",
    "\n",
    "start_time = time.time()\n",
    "\n",
    "def partition(arr, start, end):\n",
    "    pivot = arr[start]\n",
    "    left = start + 1\n",
    "    right = end\n",
    "    while True:\n",
    "        while arr[right] > pivot and right > start:\n",
    "            right -= 1\n",
    "        while arr[left] <= pivot and left < end:\n",
    "            left += 1\n",
    "        if left >= right:\n",
    "            break\n",
    "        temp = arr[left]\n",
    "        arr[left] = arr[right]\n",
    "        arr[right] = temp\n",
    "    arr[start] = arr[right]\n",
    "    arr[right] = pivot\n",
    "    return right\n",
    "\n",
    "def __quick_sort(arr, start, end):\n",
    "    if end > start:\n",
    "        pivot_index = partition(arr, start, end)\n",
    "        __quick_sort(arr, start, pivot_index - 1)\n",
    "        __quick_sort(arr, pivot_index + 1, end)\n",
    "   \n",
    "\n",
    "def quick_sort(arr):\n",
    "    __quick_sort(arr, 0, len(arr) - 1)\n",
    "        \n",
    "        \n",
    "for i in range(len(mat)):\n",
    "    quick_sort(mat[i])\n",
    "        \n",
    "\n",
    "quick_sort_time = round((time.time() - start_time)*1000)\n",
    "print(\"--- {0} ms ---\".format(quick_sort_time))\n",
    "\n",
    "print_matrix(mat)"
   ]
  },
  {
   "cell_type": "code",
   "execution_count": 9,
   "id": "french-czech",
   "metadata": {},
   "outputs": [
    {
     "name": "stdout",
     "output_type": "stream",
     "text": [
      "--- 0 ms ---\n",
      "\n",
      "21 31 33 34 67 70 74 76 80 91 \n",
      "28 33 41 58 69 70 79 84 93 97 \n",
      "16 22 30 40 40 54 54 69 69 74 \n",
      "14 22 24 39 45 76 77 81 97 99 \n",
      "25 32 37 38 58 64 67 73 75 97 \n",
      "11 19 67 72 77 78 80 82 83 93 \n",
      "17 22 39 48 48 53 60 80 86 92 \n",
      "10 26 48 48 52 78 83 84 90 97 \n",
      "28 33 34 42 73 82 86 87 88 93 \n",
      "35 39 49 52 54 64 65 75 80 88 \n"
     ]
    }
   ],
   "source": [
    "# Турнирная сортировка.\n",
    "\n",
    "import heapq\n",
    "\n",
    "mat = copy.deepcopy(matrix)\n",
    "\n",
    "start_time = time.time()\n",
    "    \n",
    "def tournament_sort(arr):\n",
    "    heap = arr.copy() \n",
    "    winners = []\n",
    "    losers = []\n",
    "    winners.append(heapq.heappop(heap))\n",
    "    for i in range(len(heap)):\n",
    "        heap_top = heapq.heappop(heap)\n",
    "        if heap_top >= winners[-1]:\n",
    "            winners.append(heap_top)\n",
    "        else:\n",
    "            losers.append(heap_top)\n",
    "    arr.clear()\n",
    "    arr.extend(losers)\n",
    "    arr.extend(winners)\n",
    "    if len(losers) > 0:\n",
    "        tournament_sort(arr)\n",
    "    \n",
    "    \n",
    "for i in range(len(mat)):\n",
    "    tournament_sort(mat[i])\n",
    "\n",
    "tournament_sort_time = round((time.time() - start_time)*1000)\n",
    "print(\"--- {0} ms ---\".format(tournament_sort_time))\n",
    "\n",
    "print_matrix(mat)"
   ]
  },
  {
   "cell_type": "markdown",
   "id": "rental-jerusalem",
   "metadata": {},
   "source": [
    "### Вывод\n"
   ]
  },
  {
   "cell_type": "code",
   "execution_count": 10,
   "id": "19e7f6a9",
   "metadata": {},
   "outputs": [
    {
     "name": "stdout",
     "output_type": "stream",
     "text": [
      "1 место: .sort() - 0 ms\n",
      "2 место: quick sort - 0 ms\n",
      "3 место: selection sort - 0 ms\n",
      "4 место: tournament sort - 0 ms\n",
      "5 место: bubble sort - 1 ms\n",
      "6 место: insertion sort - 1 ms\n",
      "7 место: shell sort - 1 ms\n"
     ]
    }
   ],
   "source": [
    "# Определяем самую быструю сортировку\n",
    "\n",
    "mat = copy.deepcopy(matrix)\n",
    "\n",
    "start_time = time.time()            \n",
    "\n",
    "for i in range(len(mat)):\n",
    "    mat[i].sort()\n",
    "\n",
    "default_sort_time = round((time.time() - start_time)*1000)\n",
    "#print(\"--- {0} ms ---\".format(default_sort_time))\n",
    "#print_matrix(mat)\n",
    "\n",
    "sort_list = [[selection_sort_time, \"selection sort\"],\n",
    "             [insertion_sort_time, \"insertion sort\"],\n",
    "             [bubble_sort_time, \"bubble sort\"],\n",
    "             [shell_sort_time, \"shell sort\"],\n",
    "             [quick_sort_time, \"quick sort\"],\n",
    "             [tournament_sort_time, \"tournament sort\"],\n",
    "             [default_sort_time, \".sort()\"]]\n",
    "\n",
    "sort_list.sort()\n",
    "\n",
    "for i in range(len(sort_list)):\n",
    "    print(f\"{i + 1} место: {sort_list[i][1]} - {sort_list[i][0]} ms\")\n"
   ]
  },
  {
   "cell_type": "code",
   "execution_count": null,
   "id": "3c5e2395",
   "metadata": {},
   "outputs": [],
   "source": []
  },
  {
   "cell_type": "code",
   "execution_count": null,
   "id": "1ba0d921",
   "metadata": {},
   "outputs": [],
   "source": []
  }
 ],
 "metadata": {
  "kernelspec": {
   "display_name": "Python 3 (ipykernel)",
   "language": "python",
   "name": "python3"
  },
  "language_info": {
   "codemirror_mode": {
    "name": "ipython",
    "version": 3
   },
   "file_extension": ".py",
   "mimetype": "text/x-python",
   "name": "python",
   "nbconvert_exporter": "python",
   "pygments_lexer": "ipython3",
   "version": "3.9.9"
  }
 },
 "nbformat": 4,
 "nbformat_minor": 5
}
